846.0000000000032;0.999
940.7999999999979;0.865
1134.7999999999868;0.364
1112.7999999999881;0.306
297.20000000000095;0.121
1076.39999999999;0.395
319.2000000000013;0.03
1109.5999999999883;0.584
1068.7999999999906;0.749
1123.1999999999875;0.429
1017.9999999999934;0.8260000000000001
1128.3999999999871;0.532
1025.999999999993;0.515
1036.3999999999924;0.717
1131.599999999987;0.534
891.2000000000007;0.937
1023.9999999999932;0.14400000000000002
1047.1999999999919;0.156
1152.3999999999858;0.263
1118.7999999999877;0.227
585.5999999999965;0.121
1003.1999999999944;0.8290000000000001
1019.9999999999934;0.655
1125.5999999999874;0.497
1058.3999999999912;0.543
1115.5999999999879;0.228
223.99999999999994;0.041
1011.9999999999939;0.65
1046.399999999992;0.675
1082.7999999999897;0.47000000000000003
1084.3999999999896;0.705
1085.1999999999896;0.736
1096.799999999989;0.156
887.6000000000008;0.137
1123.5999999999874;0.158
1010.399999999994;0.661
1104.7999999999886;0.151
1063.199999999991;0.461
1055.9999999999914;0.517
1113.599999999988;0.5730000000000001
1128.7999999999872;0.51
471.20000000000346;0.05
957.599999999997;0.921
940.3999999999978;0.891
1117.9999999999877;0.309
251.20000000000033;0.037
817.5999999999924;0.127
989.199999999995;0.893
797.599999999993;0.202
933.1999999999982;0.89
964.3999999999965;0.752
1025.999999999993;0.768
1128.3999999999871;0.298
1071.5999999999904;0.533
884.400000000001;0.931
1063.199999999991;0.588
788.8000000000058;0.9560000000000001
890.3999999999936;0.194
1142.7999999999863;0.243
1126.3999999999874;0.335
224.39999999999998;0.061
1039.5999999999922;0.708
1016.3999999999935;0.795
238.80000000000015;0.034
1088.3999999999894;0.562
1141.5999999999865;0.162
1117.5999999999879;0.509
1063.999999999991;0.36
922.399999999999;0.913
1152.7999999999859;0.264
1143.9999999999864;0.397
1086.3999999999896;0.439
754.8000000000001;0.079
960.3999999999967;0.899
1061.599999999991;0.165
1095.599999999989;0.334
1097.599999999989;0.34800000000000003
996.7999999999947;0.803
1136.3999999999867;0.41500000000000004
890.4000000000008;0.93
1077.5999999999901;0.495
892.4000000000005;0.877
955.1999999999971;0.796
1095.599999999989;0.304
1077.19999999999;0.5720000000000001
1051.9999999999916;0.641
875.6000000000015;0.913
1149.199999999986;0.169
1124.3999999999874;0.35000000000000003
1058.3999999999912;0.599
1112.7999999999881;0.377
844.8000000000034;0.988
868.000000000002;0.917
1008.799999999994;0.907
239.60000000000016;0.01
797.2000000000048;0.998
1084.3999999999896;0.309
844.4000000000033;0.935
1125.1999999999873;0.404
215.99999999999983;0.022
382.00000000000216;0.036000000000000004
810.0000000000052;0.999
817.2000000000048;0.999
775.200000000006;0.999
871.6000000000017;0.999
860.0000000000025;0.999
814.800000000005;0.999
874.0000000000016;0.999
773.6000000000066;0.999
825.6000000000045;0.999
832.800000000004;0.999
788.8000000000058;0.999
760.8000000000058;0.999
845.2000000000032;0.999
860.0000000000025;0.999
836.8000000000038;0.999
859.6000000000024;0.999
826.4000000000044;0.999
831.2000000000037;0.999
835.2000000000039;0.999
854.0000000000027;0.999
862.0000000000023;0.999
824.0000000000045;0.999
801.2000000000057;0.999
819.6000000000045;0.999
826.8000000000043;0.999
814.4000000000049;0.999
806.0000000000055;0.999
806.8000000000054;0.999
